14412508
1979327
07903717
15487886
13539366
02751778
14647452
08614804
187716
18333274
12321357
05828245
0866560
01542931
11598011
05758368
13278386
1046570
07251203
07960987
07824225
18255605
16922131
14150801
11242550
1132240
05377982
18103652
12951079
04232755
05580253
15859012
15487885
04940227
17184589
11593596
151042717
13583080
19774663
17836705
09618048
0870846
07749051
1995993
03304266
19808117
15437515
0367236
15159823
06958697
10982370
02508272
18273501
19108593
08231609
15437596
1527345
15781736
18182472
12892057
13384714
13421272
03210431
17939409
05175269
01109085
0832820
08877823
0376684
17897767
01856037
1976676
05280616
1044700
19779968
05979511
05709010
19757751
01941730
1827790
06123195
0182020
02194518
15584337
12228720
14354993
171031349
16320136
19284246
0464477
0565670
19992587
01777339
07642188
17891394
133123
17184511
12425145
07886588
14616200
122313
10720200
11576877
09207835
04236491
1781695
14836243
11611981
12771240
07329699
03434840
171009091
15675843
04110544
19358422
18182103
12739894
06416431
001057860
15510785
18182420
00277761
14383943
18922752
0624063
0624062
02653250
14795007
15198383
19505767
01893019
13805353
07696768
09561219
10885625
05334777
05384139
03848652
06997755
04736189
06830613
111054807
15437595
10432707
031003134
19457553
00880758
13907718
02733356
05828246
19659459
05444023
14278783
00222333
11366836
10982368
17928859
15975265
12771239
12884056
19613658
0276492
10587851
00748174
0276510
06199384
02719553
08971595
02548379
02922144
09587326
10780660
00167842
05167553
09207961
03586608
02588373
10106050
10576809
161036195
10150587
15708104
00647258
11714119
06418064
06588258
16802975
08950057
06368503
03337473
14603133
02228159
06199707
03433670
03126994
031043800
01490719
11311131
13180607
12794628
05175270
08391007
00372938
06752843
06752941
15962137
05716301
181055810
181024237
0794808
17960135
091003729
11546519
19992498
12169315
03210502
10144611
02194240
15487875
18229012
01852151
0623979
12656100
10435332
15159700
00223673
126254
09480804
15576860
18896153
18573112
03263089
13795770
06613583
1399473
17845553
07527032
11138731
04147732
18348417
13267649
15848285
14205217
10560550
01490721
01490722
1593063
05526204
05526201
05526202
04252059
11976551
16889715
12801829
05827252
16312777
151050035
19457535
10981814
10981815
10872518
02634391
0283384
10534713
09720788
12169197
16917277
10432706
16617264
10560336
15776654
18333277
18107342
00958433
07383083
05716750
13539357
19929800
17512624
0870864
07961063
19108479
12582015
12582014
02378016
01777397
13877107
0735845
15576859
16885815
10970663
07182675
04940139
18486014
14500101
14500102
0464834
0464833
07749052
03715969
10887013
02824734
06273840
13168955
19638002
